0.0044 0.0017 0.0017 0.0017 0.0017 0.0021 0.0017 0.0017 0.0017 0.0017 0.0017 0.9699 0.0017 0.0017 0.0017 0.0033
0.0044 0.0017 0.0017 0.0017 0.0017 0.0021 0.0017 0.0017 0.0017 0.0017 0.0017 0.9699 0.0017 0.0017 0.0017 0.0033
0.0044 0.0017 0.0017 0.0017 0.0017 0.0021 0.0017 0.0017 0.0017 0.0017 0.0017 0.9699 0.0017 0.0017 0.0017 0.0033
0.0044 0.0017 0.0017 0.0017 0.0017 0.0021 0.0017 0.0017 0.0017 0.0017 0.0017 0.9699 0.0017 0.0017 0.0017 0.0033
0.0044 0.0017 0.0017 0.0017 0.0017 0.0021 0.0017 0.0017 0.0017 0.0017 0.0017 0.9699 0.0017 0.0017 0.0017 0.0033
0.0044 0.0017 0.0017 0.0017 0.0017 0.0021 0.0017 0.0017 0.0017 0.0017 0.0017 0.9699 0.0017 0.0017 0.0017 0.0033
0.0044 0.0017 0.0017 0.0017 0.0017 0.0021 0.0017 0.0017 0.0017 0.0017 0.0017 0.9699 0.0017 0.0017 0.0017 0.0033
0.0044 0.0017 0.0017 0.0017 0.0017 0.0021 0.0017 0.0017 0.0017 0.0017 0.0017 0.9699 0.0017 0.0017 0.0017 0.0033
0.0044 0.0017 0.0017 0.0017 0.0017 0.0021 0.0017 0.0017 0.0017 0.0017 0.0017 0.9699 0.0017 0.0017 0.0017 0.0033
0.0044 0.0017 0.0017 0.0017 0.0017 0.0021 0.0017 0.0017 0.0017 0.0017 0.0017 0.9699 0.0017 0.0017 0.0017 0.0033
0.0044 0.0017 0.0017 0.0017 0.0017 0.0021 0.0017 0.0017 0.0017 0.0017 0.0017 0.9699 0.0017 0.0017 0.0017 0.0033
0.0044 0.0017 0.0017 0.0017 0.0017 0.0021 0.0017 0.0017 0.0017 0.0017 0.0017 0.9699 0.0017 0.0017 0.0017 0.0033
0.0044 0.0017 0.0017 0.0017 0.0017 0.0021 0.0017 0.0017 0.0017 0.0017 0.0017 0.9699 0.0017 0.0017 0.0017 0.0033
0.0044 0.0017 0.0017 0.0017 0.0017 0.0021 0.0017 0.0017 0.0017 0.0017 0.0017 0.9699 0.0017 0.0017 0.0017 0.0033
0.0044 0.0017 0.0017 0.0017 0.0017 0.0021 0.0017 0.0017 0.0017 0.0017 0.0017 0.9699 0.0017 0.0017 0.0017 0.0033
0.0044 0.0017 0.0017 0.0017 0.0017 0.0021 0.0017 0.0017 0.0017 0.0017 0.0017 0.9699 0.0017 0.0017 0.0017 0.0033
0.0044 0.0017 0.0017 0.0017 0.0017 0.0021 0.0017 0.0017 0.0017 0.0017 0.0017 0.9699 0.0017 0.0017 0.0017 0.0033
0.0044 0.0017 0.0017 0.0017 0.0017 0.0021 0.0017 0.0017 0.0017 0.0017 0.0017 0.9699 0.0017 0.0017 0.0017 0.0033
0.0044 0.0017 0.0017 0.0017 0.0017 0.0021 0.0017 0.0017 0.0017 0.0017 0.0017 0.9699 0.0017 0.0017 0.0017 0.0033
0.0044 0.0017 0.0017 0.0017 0.0017 0.0021 0.0017 0.0017 0.0017 0.0017 0.0017 0.9699 0.0017 0.0017 0.0017 0.0033
0.0044 0.0017 0.0017 0.0017 0.0017 0.0021 0.0017 0.0017 0.0017 0.0017 0.0017 0.9699 0.0017 0.0017 0.0017 0.0032
0.0044 0.0017 0.0017 0.0017 0.0017 0.0021 0.0017 0.0017 0.0017 0.0017 0.0017 0.9699 0.0017 0.0017 0.0017 0.0033
0.0044 0.0017 0.0017 0.0017 0.0017 0.0021 0.0017 0.0017 0.0017 0.0017 0.0017 0.9699 0.0017 0.0017 0.0017 0.0033
0.0044 0.0017 0.0017 0.0017 0.0017 0.0021 0.0017 0.0017 0.0017 0.0017 0.0017 0.9699 0.0017 0.0017 0.0017 0.0033
0.0044 0.0017 0.0017 0.0017 0.0017 0.0021 0.0017 0.0017 0.0017 0.0017 0.0017 0.9699 0.0017 0.0017 0.0017 0.0033
0.0044 0.0017 0.0017 0.0017 0.0017 0.0021 0.0017 0.0017 0.0017 0.0017 0.0017 0.9699 0.0017 0.0017 0.0017 0.0033
0.0044 0.0017 0.0017 0.0017 0.0017 0.0021 0.0017 0.0017 0.0017 0.0017 0.0017 0.9699 0.0017 0.0017 0.0017 0.0033
0.0044 0.0017 0.0017 0.0017 0.0017 0.0021 0.0017 0.0017 0.0017 0.0017 0.0017 0.9699 0.0017 0.0017 0.0017 0.0033
0.0044 0.0017 0.0017 0.0017 0.0017 0.0021 0.0017 0.0017 0.0017 0.0017 0.0017 0.9699 0.0017 0.0017 0.0017 0.0033
0.0044 0.0017 0.0017 0.0017 0.0017 0.0021 0.0017 0.0017 0.0017 0.0017 0.0017 0.9699 0.0017 0.0017 0.0017 0.0033
0.0044 0.0017 0.0017 0.0017 0.0017 0.0021 0.0017 0.0017 0.0017 0.0017 0.0017 0.9699 0.0017 0.0017 0.0017 0.0033
0.0044 0.0017 0.0017 0.0017 0.0017 0.0021 0.0017 0.0017 0.0017 0.0017 0.0017 0.9699 0.0017 0.0017 0.0017 0.0033
0.0044 0.0017 0.0017 0.0017 0.0017 0.0021 0.0017 0.0017 0.0017 0.0017 0.0017 0.9699 0.0017 0.0017 0.0017 0.0033
0.0044 0.0017 0.0017 0.0017 0.0017 0.0021 0.0017 0.0017 0.0017 0.0017 0.0017 0.9699 0.0017 0.0017 0.0017 0.0033
0.0044 0.0017 0.0017 0.0017 0.0017 0.0021 0.0017 0.0017 0.0017 0.0017 0.0017 0.9699 0.0017 0.0017 0.0017 0.0033
0.0044 0.0017 0.0017 0.0017 0.0017 0.0021 0.0017 0.0017 0.0017 0.0017 0.0017 0.9699 0.0017 0.0017 0.0017 0.0033
0.0044 0.0017 0.0017 0.0017 0.0017 0.0021 0.0017 0.0017 0.0017 0.0017 0.0017 0.9699 0.0017 0.0017 0.0017 0.0033
0.0044 0.0017 0.0017 0.0017 0.0017 0.0021 0.0017 0.0017 0.0017 0.0017 0.0017 0.9699 0.0017 0.0017 0.0017 0.0033
0.0044 0.0017 0.0017 0.0017 0.0017 0.0021 0.0017 0.0017 0.0017 0.0017 0.0017 0.9699 0.0017 0.0017 0.0017 0.0033
0.0044 0.0017 0.0017 0.0017 0.0017 0.0021 0.0017 0.0017 0.0017 0.0017 0.0017 0.9699 0.0017 0.0017 0.0017 0.0033
0.0044 0.0017 0.0017 0.0017 0.0017 0.0021 0.0017 0.0017 0.0017 0.0017 0.0017 0.9699 0.0017 0.0017 0.0017 0.0032
0.0044 0.0017 0.0017 0.0017 0.0017 0.0021 0.0017 0.0017 0.0017 0.0017 0.0017 0.9699 0.0017 0.0017 0.0017 0.0033
0.0044 0.0017 0.0017 0.0017 0.0017 0.0021 0.0017 0.0017 0.0017 0.0017 0.0017 0.9699 0.0017 0.0017 0.0017 0.0033
0.0044 0.0017 0.0017 0.0017 0.0017 0.0021 0.0017 0.0017 0.0017 0.0017 0.0017 0.9699 0.0017 0.0017 0.0017 0.0033
0.0044 0.0017 0.0017 0.0017 0.0017 0.0021 0.0017 0.0017 0.0017 0.0017 0.0017 0.9699 0.0017 0.0017 0.0017 0.0033
0.0044 0.0017 0.0017 0.0017 0.0017 0.0021 0.0017 0.0017 0.0017 0.0017 0.0017 0.9699 0.0017 0.0017 0.0017 0.0033
0.0044 0.0017 0.0017 0.0017 0.0017 0.0021 0.0017 0.0017 0.0017 0.0017 0.0017 0.9699 0.0017 0.0017 0.0017 0.0033
0.0044 0.0017 0.0017 0.0017 0.0017 0.0021 0.0017 0.0017 0.0017 0.0017 0.0017 0.9699 0.0017 0.0017 0.0017 0.0033
0.0044 0.0017 0.0017 0.0017 0.0017 0.0021 0.0017 0.0017 0.0017 0.0017 0.0017 0.9699 0.0017 0.0017 0.0017 0.0033
0.0044 0.0017 0.0017 0.0017 0.0017 0.0021 0.0017 0.0017 0.0017 0.0017 0.0017 0.9699 0.0017 0.0017 0.0017 0.0033
0.0044 0.0017 0.0017 0.0017 0.0017 0.0021 0.0017 0.0017 0.0017 0.0017 0.0017 0.9699 0.0017 0.0017 0.0017 0.0033
0.0044 0.0017 0.0017 0.0017 0.0017 0.0021 0.0017 0.0017 0.0017 0.0017 0.0017 0.9699 0.0017 0.0017 0.0017 0.0032
0.0044 0.0017 0.0017 0.0017 0.0017 0.0021 0.0017 0.0017 0.0017 0.0017 0.0017 0.9699 0.0017 0.0017 0.0017 0.0033
0.0044 0.0017 0.0017 0.0017 0.0017 0.0021 0.0017 0.0017 0.0017 0.0017 0.0017 0.9699 0.0017 0.0017 0.0017 0.0033
0.0044 0.0017 0.0017 0.0017 0.0017 0.0021 0.0017 0.0017 0.0017 0.0017 0.0017 0.9699 0.0017 0.0017 0.0017 0.0033
0.0044 0.0017 0.0017 0.0017 0.0017 0.0021 0.0017 0.0017 0.0017 0.0017 0.0017 0.9699 0.0017 0.0017 0.0017 0.0033
0.0044 0.0017 0.0017 0.0017 0.0017 0.0021 0.0017 0.0017 0.0017 0.0017 0.0017 0.9699 0.0017 0.0017 0.0017 0.0033
0.0044 0.0017 0.0017 0.0017 0.0017 0.0021 0.0017 0.0017 0.0017 0.0017 0.0017 0.9699 0.0017 0.0017 0.0017 0.0033
0.0044 0.0017 0.0017 0.0017 0.0017 0.0021 0.0017 0.0017 0.0017 0.0017 0.0017 0.9699 0.0017 0.0017 0.0017 0.0033
0.0044 0.0017 0.0017 0.0017 0.0017 0.0021 0.0017 0.0017 0.0017 0.0017 0.0017 0.9699 0.0017 0.0017 0.0017 0.0033
0.0044 0.0017 0.0017 0.0017 0.0017 0.0021 0.0017 0.0017 0.0017 0.0017 0.0017 0.9699 0.0017 0.0017 0.0017 0.0033
0.0044 0.0017 0.0017 0.0017 0.0017 0.0021 0.0017 0.0017 0.0017 0.0017 0.0017 0.9699 0.0017 0.0017 0.0017 0.0033
0.0044 0.0017 0.0017 0.0017 0.0017 0.0021 0.0017 0.0017 0.0017 0.0017 0.0017 0.9699 0.0017 0.0017 0.0017 0.0033
0.0044 0.0017 0.0017 0.0017 0.0017 0.0021 0.0017 0.0017 0.0017 0.0017 0.0017 0.9699 0.0017 0.0017 0.0017 0.0033
0.0044 0.0017 0.0017 0.0017 0.0017 0.0021 0.0017 0.0017 0.0017 0.0017 0.0017 0.9699 0.0017 0.0017 0.0017 0.0033
0.0044 0.0017 0.0017 0.0017 0.0017 0.0021 0.0017 0.0017 0.0017 0.0017 0.0017 0.9699 0.0017 0.0017 0.0017 0.0033
0.0044 0.0017 0.0017 0.0017 0.0017 0.0021 0.0017 0.0017 0.0017 0.0017 0.0017 0.9699 0.0017 0.0017 0.0017 0.0033
0.0044 0.0017 0.0017 0.0017 0.0017 0.0021 0.0017 0.0017 0.0017 0.0017 0.0017 0.9699 0.0017 0.0017 0.0017 0.0033
0.0044 0.0017 0.0017 0.0017 0.0017 0.0021 0.0017 0.0017 0.0017 0.0017 0.0017 0.9699 0.0017 0.0017 0.0017 0.0033
0.0044 0.0017 0.0017 0.0017 0.0017 0.0021 0.0017 0.0017 0.0017 0.0017 0.0017 0.9699 0.0017 0.0017 0.0017 0.0033
0.0044 0.0017 0.0017 0.0017 0.0017 0.0021 0.0017 0.0017 0.0017 0.0017 0.0017 0.9699 0.0017 0.0017 0.0017 0.0033
0.0044 0.0017 0.0017 0.0017 0.0017 0.0021 0.0017 0.0017 0.0017 0.0017 0.0017 0.9699 0.0017 0.0017 0.0017 0.0033
0.0044 0.0017 0.0017 0.0017 0.0017 0.0021 0.0017 0.0017 0.0017 0.0017 0.0017 0.9699 0.0017 0.0017 0.0017 0.0033
0.0044 0.0017 0.0017 0.0017 0.0017 0.0021 0.0017 0.0017 0.0017 0.0017 0.0017 0.9699 0.0017 0.0017 0.0017 0.0033
0.0044 0.0017 0.0017 0.0017 0.0017 0.0021 0.0017 0.0017 0.0017 0.0017 0.0017 0.9699 0.0017 0.0017 0.0017 0.0033
0.0044 0.0017 0.0017 0.0017 0.0017 0.0021 0.0017 0.0017 0.0017 0.0017 0.0017 0.9699 0.0017 0.0017 0.0017 0.0033
0.0044 0.0017 0.0017 0.0017 0.0017 0.0021 0.0017 0.0017 0.0017 0.0017 0.0017 0.9699 0.0017 0.0017 0.0017 0.0033
0.0044 0.0017 0.0017 0.0017 0.0017 0.0021 0.0017 0.0017 0.0017 0.0017 0.0017 0.9699 0.0017 0.0017 0.0017 0.0033
0.0044 0.0017 0.0017 0.0017 0.0017 0.0021 0.0017 0.0017 0.0017 0.0017 0.0017 0.9699 0.0017 0.0017 0.0017 0.0033
0.0044 0.0017 0.0017 0.0017 0.0017 0.0021 0.0017 0.0017 0.0017 0.0017 0.0017 0.9699 0.0017 0.0017 0.0017 0.0033
0.0044 0.0017 0.0017 0.0017 0.0017 0.0021 0.0017 0.0017 0.0017 0.0017 0.0017 0.9699 0.0017 0.0017 0.0017 0.0032
0.0044 0.0017 0.0017 0.0017 0.0017 0.0021 0.0017 0.0017 0.0017 0.0017 0.0017 0.9699 0.0017 0.0017 0.0017 0.0033
0.0044 0.0017 0.0017 0.0017 0.0017 0.0021 0.0017 0.0017 0.0017 0.0017 0.0017 0.9699 0.0017 0.0017 0.0017 0.0033
0.0044 0.0017 0.0017 0.0017 0.0017 0.0021 0.0017 0.0017 0.0017 0.0017 0.0017 0.9699 0.0017 0.0017 0.0017 0.0033
0.0044 0.0017 0.0017 0.0017 0.0017 0.0021 0.0017 0.0017 0.0017 0.0017 0.0017 0.9699 0.0017 0.0017 0.0017 0.0033
0.0044 0.0017 0.0017 0.0017 0.0017 0.0021 0.0017 0.0017 0.0017 0.0017 0.0017 0.9699 0.0017 0.0017 0.0017 0.0033
0.0044 0.0017 0.0017 0.0017 0.0017 0.0021 0.0017 0.0017 0.0017 0.0017 0.0017 0.9699 0.0017 0.0017 0.0017 0.0033
0.0044 0.0017 0.0017 0.0017 0.0017 0.0021 0.0017 0.0017 0.0017 0.0017 0.0017 0.9699 0.0017 0.0017 0.0017 0.0033
0.0044 0.0017 0.0017 0.0017 0.0017 0.0021 0.0017 0.0017 0.0017 0.0017 0.0017 0.9699 0.0017 0.0017 0.0017 0.0033
0.0044 0.0017 0.0017 0.0017 0.0017 0.0021 0.0017 0.0017 0.0017 0.0017 0.0017 0.9699 0.0017 0.0017 0.0017 0.0033
0.0044 0.0017 0.0017 0.0017 0.0017 0.0021 0.0017 0.0017 0.0017 0.0017 0.0017 0.9699 0.0017 0.0017 0.0017 0.0033
0.0044 0.0017 0.0017 0.0017 0.0017 0.0021 0.0017 0.0017 0.0017 0.0017 0.0017 0.9699 0.0017 0.0017 0.0017 0.0033
0.0044 0.0017 0.0017 0.0017 0.0017 0.0021 0.0017 0.0017 0.0017 0.0017 0.0017 0.9699 0.0017 0.0017 0.0017 0.0033
0.0044 0.0017 0.0017 0.0017 0.0017 0.0021 0.0017 0.0017 0.0017 0.0017 0.0017 0.9699 0.0017 0.0017 0.0017 0.0033
0.0044 0.0017 0.0017 0.0017 0.0017 0.0021 0.0017 0.0017 0.0017 0.0017 0.0017 0.9699 0.0017 0.0017 0.0017 0.0033
0.0044 0.0017 0.0017 0.0017 0.0017 0.0021 0.0017 0.0017 0.0017 0.0017 0.0017 0.9699 0.0017 0.0017 0.0017 0.0033
0.0044 0.0017 0.0017 0.0017 0.0017 0.0021 0.0017 0.0017 0.0017 0.0017 0.0017 0.9699 0.0017 0.0017 0.0017 0.0033
0.0044 0.0017 0.0017 0.0017 0.0017 0.0021 0.0017 0.0017 0.0017 0.0017 0.0017 0.9699 0.0017 0.0017 0.0017 0.0033
0.0044 0.0017 0.0017 0.0017 0.0017 0.0021 0.0017 0.0017 0.0017 0.0017 0.0017 0.9699 0.0017 0.0017 0.0017 0.0033
0.0044 0.0017 0.0017 0.0017 0.0017 0.0021 0.0017 0.0017 0.0017 0.0017 0.0017 0.9699 0.0017 0.0017 0.0017 0.0033
