0.1530 0.2209 0.2406 0.2461 0.2271 0.2720 0.2132 0.1591 0.1867 0.1511 0.1452 0.2775 0.2397 0.1566 0.1488 0.2226
0.1524 0.0705 0.0846 0.0888 0.0762 0.1991 0.1846 0.1502 0.0334 0.0374 0.1307 0.1864 0.0837 0.1434 0.0493 0.1717
0.3094 0.0000 0.0000 0.0000 0.0000 0.2858 0.2710 0.3488 0.0000 0.0000 0.2464 0.2537 0.0000 0.2936 0.0000 0.2891
0.1694 0.0872 0.0897 0.0949 0.0925 0.2340 0.1490 0.2840 0.1007 0.0417 0.1431 0.2292 0.0868 0.1612 0.0445 0.1566
0.0000 0.2472 0.2258 0.2526 0.2734 0.2307 0.0000 0.3964 0.3010 0.0017 0.0000 0.2586 0.2262 0.0000 0.0061 0.0000
0.1175 0.1058 0.0956 0.1056 0.1162 0.2406 0.0860 0.3437 0.1399 0.0000 0.0970 0.2425 0.0936 0.1079 0.0073 0.0935
0.1820 0.0082 0.0313 0.0272 0.0061 0.2350 0.2067 0.2235 0.0000 0.0118 0.1510 0.2179 0.0290 0.1714 0.0073 0.2150
0.1060 0.3048 0.3209 0.3427 0.3276 0.3676 0.1777 0.2634 0.2662 0.1006 0.0983 0.3823 0.3186 0.1109 0.0957 0.1867
0.1506 0.1935 0.2014 0.2092 0.2023 0.2151 0.1679 0.1814 0.1961 0.1450 0.1418 0.2235 0.2009 0.1522 0.1541 0.1752
0.1533 0.1077 0.0952 0.1001 0.1136 0.1582 0.0996 0.2470 0.1661 0.0760 0.1366 0.1593 0.0955 0.1463 0.1067 0.1012
0.1845 0.1741 0.1908 0.1948 0.1773 0.1827 0.2064 0.0440 0.1553 0.1754 0.1731 0.1890 0.1877 0.1833 0.1892 0.2121
0.1771 0.0898 0.0962 0.1014 0.0924 0.1923 0.1884 0.1677 0.0898 0.0761 0.1554 0.1865 0.0958 0.1725 0.0879 0.1878
0.0000 0.2869 0.2830 0.3160 0.3190 0.2980 0.0000 0.3843 0.2801 0.0000 0.0000 0.3237 0.2858 0.0000 0.0000 0.0000
0.2917 0.0000 0.0032 0.0000 0.0000 0.2429 0.3035 0.1927 0.0000 0.0378 0.2487 0.2110 0.0028 0.2793 0.0449 0.2935
0.1723 0.2046 0.2077 0.2143 0.2107 0.2495 0.1804 0.2174 0.2129 0.1411 0.1608 0.2542 0.2071 0.1707 0.1540 0.1857
0.3884 0.2375 0.2066 0.2043 0.2319 0.2449 0.2684 0.2445 0.3276 0.2949 0.3613 0.2455 0.2042 0.3668 0.3382 0.2658
0.3979 0.0000 0.0000 0.0000 0.0000 0.3340 0.3213 0.4256 0.0143 0.0189 0.3203 0.2983 0.0000 0.3752 0.0230 0.3380
0.1017 0.0645 0.0797 0.0825 0.0633 0.1100 0.1280 0.0763 0.0554 0.0816 0.0929 0.1099 0.0805 0.1013 0.0850 0.1323
0.2263 0.2294 0.2443 0.2496 0.2278 0.2238 0.2486 0.0632 0.2213 0.2255 0.2145 0.2322 0.2412 0.2216 0.2380 0.2512
0.0960 0.0800 0.0921 0.0931 0.0836 0.1265 0.1020 0.1035 0.0835 0.0626 0.0915 0.1260 0.0929 0.0966 0.0722 0.1023
0.1662 0.1596 0.1560 0.1639 0.1672 0.2427 0.1398 0.2934 0.1973 0.0732 0.1472 0.2409 0.1564 0.1586 0.1008 0.1381
0.3054 0.0686 0.0733 0.0709 0.0672 0.2799 0.2856 0.2488 0.0679 0.0845 0.2588 0.2621 0.0723 0.2910 0.0820 0.3017
0.4645 0.1548 0.0329 0.0286 0.1444 0.0236 0.0550 0.4567 0.4464 0.3530 0.4354 0.0244 0.0308 0.4306 0.4550 0.0481
0.0000 0.2690 0.2582 0.2983 0.3067 0.2647 0.0000 0.3624 0.2561 0.0000 0.0000 0.2978 0.2605 0.0000 0.0000 0.0000
0.2232 0.0051 0.0037 0.0000 0.0057 0.1872 0.1707 0.2762 0.0357 0.0307 0.1851 0.1691 0.0000 0.2109 0.0467 0.1760
0.1607 0.1260 0.1368 0.1423 0.1306 0.2190 0.1683 0.2134 0.1329 0.0702 0.1426 0.2164 0.1378 0.1564 0.0868 0.1673
0.1913 0.1649 0.1743 0.1809 0.1686 0.2396 0.1986 0.2062 0.1707 0.1249 0.1734 0.2411 0.1754 0.1870 0.1339 0.2056
0.0336 0.3722 0.3892 0.4088 0.3974 0.3711 0.0427 0.3957 0.3677 0.0624 0.0362 0.3934 0.3893 0.0346 0.0601 0.0420
0.3105 0.2092 0.2131 0.2109 0.2069 0.2801 0.2910 0.1734 0.2245 0.2131 0.2858 0.2794 0.2108 0.2995 0.2336 0.2922
0.1807 0.0962 0.0912 0.0963 0.1005 0.1770 0.1470 0.2336 0.1407 0.0895 0.1590 0.1746 0.0936 0.1729 0.1191 0.1471
0.1189 0.0877 0.0863 0.0899 0.0890 0.1238 0.0993 0.1932 0.1102 0.0790 0.1028 0.1242 0.0867 0.1109 0.0891 0.1056
0.0686 0.2287 0.2347 0.2476 0.2413 0.2437 0.1014 0.2192 0.2146 0.0877 0.0657 0.2576 0.2351 0.0701 0.0855 0.1050
0.1183 0.1467 0.1437 0.1494 0.1481 0.1656 0.0926 0.2418 0.1720 0.0932 0.1035 0.1691 0.1442 0.1078 0.0973 0.0975
0.1669 0.2652 0.2732 0.2812 0.2701 0.2460 0.1876 0.1364 0.2661 0.1828 0.1615 0.2585 0.2729 0.1605 0.1937 0.1871
0.2806 0.0000 0.0010 0.0000 0.0000 0.2944 0.2518 0.3524 0.0000 0.0000 0.2250 0.2684 0.0000 0.2669 0.0000 0.2657
0.2457 0.0000 0.0000 0.0000 0.0000 0.3056 0.2634 0.3045 0.0000 0.0000 0.1944 0.2775 0.0000 0.2340 0.0000 0.2836
0.1722 0.2703 0.2789 0.2859 0.2748 0.2497 0.1915 0.1335 0.2713 0.1944 0.1679 0.2621 0.2789 0.1676 0.2072 0.1905
0.2493 0.0000 0.0000 0.0000 0.0000 0.1088 0.1347 0.2635 0.0170 0.0443 0.2128 0.0931 0.0000 0.2371 0.0636 0.1364
0.2526 0.0988 0.0566 0.0556 0.0949 0.0707 0.0714 0.2606 0.2205 0.1785 0.2326 0.0733 0.0551 0.2362 0.2182 0.0732
0.4472 0.0000 0.0000 0.0000 0.0000 0.3713 0.4305 0.3203 0.0000 0.0000 0.3684 0.3116 0.0000 0.4220 0.0000 0.4354
0.1812 0.1192 0.1101 0.1143 0.1244 0.1900 0.1379 0.2323 0.1713 0.0833 0.1622 0.1865 0.1089 0.1725 0.1143 0.1362
0.0000 0.1927 0.1816 0.2069 0.2173 0.2108 0.0000 0.3240 0.2119 0.0000 0.0000 0.2301 0.1825 0.0000 0.0000 0.0000
0.3538 0.0980 0.0000 0.0000 0.0874 0.0000 0.0000 0.4161 0.4159 0.3304 0.3346 0.0000 0.0000 0.3205 0.4549 0.0000
0.2067 0.1661 0.1826 0.1848 0.1667 0.2197 0.2389 0.1029 0.1644 0.1659 0.1955 0.2200 0.1825 0.2038 0.1848 0.2387
0.1457 0.1524 0.1507 0.1551 0.1551 0.1392 0.1247 0.1407 0.1841 0.1412 0.1381 0.1457 0.1526 0.1430 0.1619 0.1250
0.1946 0.0229 0.0238 0.0214 0.0234 0.2658 0.1494 0.3908 0.0511 0.0004 0.1593 0.2520 0.0201 0.1820 0.0036 0.1627
0.2387 0.1877 0.2024 0.2050 0.1861 0.2474 0.2393 0.1413 0.1836 0.1773 0.2199 0.2456 0.2028 0.2251 0.1928 0.2416
0.1641 0.1569 0.1539 0.1641 0.1630 0.1335 0.1287 0.1634 0.2098 0.1564 0.1583 0.1465 0.1571 0.1631 0.1902 0.1329
0.0000 0.1888 0.1817 0.2058 0.2131 0.2171 0.0000 0.3176 0.1978 0.0000 0.0000 0.2356 0.1822 0.0000 0.0000 0.0000
0.0720 0.1054 0.1074 0.1121 0.1095 0.1477 0.0651 0.2128 0.1133 0.0376 0.0619 0.1512 0.1077 0.0649 0.0376 0.0686
0.1009 0.0531 0.0579 0.0597 0.0543 0.1352 0.0957 0.1855 0.0548 0.0243 0.0855 0.1313 0.0577 0.0919 0.0277 0.0945
0.0000 0.2878 0.2785 0.3071 0.3164 0.2728 0.0000 0.3721 0.3024 0.0000 0.0000 0.2968 0.2778 0.0000 0.0012 0.0000
0.1536 0.0727 0.0451 0.0492 0.0739 0.0705 0.0449 0.2482 0.1632 0.1017 0.1387 0.0730 0.0466 0.1417 0.1415 0.0439
0.1907 0.1299 0.0569 0.0647 0.1364 0.0385 0.0000 0.3703 0.3072 0.1595 0.1781 0.0492 0.0574 0.1756 0.2159 0.0000
0.2222 0.0000 0.0000 0.0000 0.0000 0.1343 0.1310 0.2722 0.0384 0.0370 0.1889 0.1156 0.0000 0.2071 0.0564 0.1293
0.2894 0.0827 0.0005 0.0000 0.0792 0.0000 0.0000 0.4004 0.3034 0.2031 0.2651 0.0011 0.0006 0.2660 0.2814 0.0000
0.1336 0.1316 0.1353 0.1451 0.1400 0.2311 0.1555 0.2285 0.1268 0.0442 0.1159 0.2298 0.1353 0.1305 0.0482 0.1584
0.2509 0.0000 0.0000 0.0000 0.0000 0.2672 0.2233 0.3372 0.0000 0.0000 0.2010 0.2424 0.0000 0.2364 0.0000 0.2346
0.2568 0.2543 0.2559 0.2560 0.2534 0.2579 0.2531 0.1255 0.2562 0.2404 0.2414 0.2660 0.2557 0.2459 0.2539 0.2545
0.2557 0.1785 0.1893 0.1878 0.1761 0.2347 0.2691 0.1088 0.1898 0.1998 0.2383 0.2321 0.1903 0.2473 0.2214 0.2681
0.2776 0.0000 0.0000 0.0000 0.0000 0.2643 0.2472 0.3168 0.0000 0.0000 0.2211 0.2322 0.0000 0.2625 0.0000 0.2607
0.1576 0.0673 0.0328 0.0378 0.0663 0.0246 0.0509 0.1925 0.1447 0.1258 0.1447 0.0261 0.0362 0.1518 0.1561 0.0549
0.0609 0.2368 0.2170 0.2430 0.2601 0.2726 0.0323 0.3785 0.2726 0.0114 0.0496 0.2916 0.2172 0.0563 0.0196 0.0341
0.2803 0.0165 0.0180 0.0169 0.0189 0.2858 0.2448 0.3120 0.0311 0.0178 0.2313 0.2621 0.0160 0.2640 0.0199 0.2554
0.0819 0.0788 0.0765 0.0806 0.0804 0.0963 0.0738 0.1416 0.0944 0.0682 0.0743 0.0991 0.0790 0.0757 0.0802 0.0736
0.4431 0.0000 0.0000 0.0000 0.0000 0.0616 0.1689 0.4460 0.1245 0.1556 0.3894 0.0281 0.0000 0.4094 0.2140 0.1582
0.1164 0.0955 0.0960 0.1043 0.1015 0.1707 0.1182 0.1983 0.1025 0.0460 0.0989 0.1711 0.0974 0.1111 0.0510 0.1224
0.0594 0.0942 0.0799 0.0896 0.1014 0.1172 0.0404 0.1948 0.1262 0.0420 0.0530 0.1240 0.0784 0.0612 0.0511 0.0438
0.1866 0.0957 0.0713 0.0778 0.1025 0.1773 0.0907 0.3370 0.1783 0.0608 0.1601 0.1771 0.0721 0.1746 0.0956 0.0960
0.1143 0.0278 0.0353 0.0397 0.0325 0.1525 0.1313 0.1595 0.0071 0.0077 0.0916 0.1418 0.0379 0.1029 0.0021 0.1262
0.1004 0.1264 0.1276 0.1363 0.1350 0.1685 0.0922 0.2069 0.1469 0.0597 0.0907 0.1750 0.1289 0.0997 0.0716 0.0957
0.1561 0.1990 0.2029 0.2146 0.2081 0.2652 0.1604 0.2317 0.2037 0.1022 0.1419 0.2702 0.2034 0.1516 0.1099 0.1633
0.2248 0.2249 0.2443 0.2438 0.2195 0.2094 0.2673 0.0115 0.2112 0.2466 0.2184 0.2169 0.2451 0.2216 0.2585 0.2710
0.1969 0.1048 0.1316 0.1321 0.1027 0.2057 0.2533 0.0628 0.0770 0.1213 0.1821 0.1993 0.1322 0.1966 0.1297 0.2561
0.1628 0.1845 0.1936 0.2005 0.1901 0.2336 0.1717 0.1802 0.1860 0.1216 0.1500 0.2383 0.1935 0.1582 0.1304 0.1746
0.0952 0.1333 0.1294 0.1391 0.1400 0.1697 0.0880 0.2219 0.1532 0.0603 0.0825 0.1760 0.1309 0.0911 0.0689 0.0940
0.1167 0.2268 0.2258 0.2401 0.2378 0.2566 0.1226 0.2415 0.2335 0.0898 0.1075 0.2668 0.2258 0.1133 0.0967 0.1228
0.2242 0.1774 0.1884 0.1897 0.1751 0.2196 0.2537 0.0525 0.1629 0.1845 0.2076 0.2184 0.1876 0.2159 0.1945 0.2544
0.1372 0.2539 0.2585 0.2754 0.2690 0.2809 0.1340 0.2328 0.2506 0.1064 0.1262 0.2928 0.2601 0.1307 0.1154 0.1371
0.1350 0.0822 0.0916 0.0956 0.0872 0.1828 0.1583 0.1787 0.0823 0.0584 0.1158 0.1800 0.0912 0.1332 0.0650 0.1625
0.2352 0.3473 0.3405 0.3460 0.3489 0.3106 0.2279 0.1668 0.3578 0.2530 0.2271 0.3248 0.3389 0.2267 0.2640 0.2318
0.0000 0.1447 0.1360 0.1586 0.1606 0.1064 0.0000 0.2026 0.1589 0.0029 0.0000 0.1258 0.1402 0.0000 0.0000 0.0000
0.2871 0.0005 0.0021 0.0000 0.0010 0.2376 0.2218 0.3315 0.0191 0.0169 0.2333 0.2156 0.0011 0.2720 0.0195 0.2382
0.2978 0.0912 0.1057 0.1018 0.0883 0.2622 0.2889 0.1850 0.0888 0.1205 0.2634 0.2484 0.1037 0.2840 0.1253 0.2970
0.0000 0.2263 0.2204 0.2522 0.2565 0.2339 0.0000 0.3236 0.2293 0.0000 0.0000 0.2558 0.2218 0.0000 0.0000 0.0000
0.3723 0.0200 0.0268 0.0168 0.0151 0.2940 0.3205 0.2966 0.0296 0.0751 0.3129 0.2653 0.0231 0.3517 0.0774 0.3344
0.1393 0.0435 0.0469 0.0476 0.0412 0.1018 0.1363 0.1199 0.0483 0.0519 0.1164 0.1009 0.0499 0.1361 0.0616 0.1452
0.1772 0.1357 0.1304 0.1355 0.1400 0.1815 0.1494 0.2123 0.1703 0.1127 0.1601 0.1838 0.1326 0.1730 0.1374 0.1528
0.1861 0.1170 0.1237 0.1287 0.1202 0.2104 0.1775 0.2104 0.1315 0.0916 0.1672 0.2053 0.1233 0.1819 0.1065 0.1747
0.0976 0.0848 0.0886 0.0910 0.0877 0.1008 0.0842 0.1538 0.1133 0.0808 0.0880 0.1059 0.0907 0.0919 0.1047 0.0789
0.2839 0.2154 0.2196 0.2206 0.2121 0.3145 0.2940 0.2063 0.2024 0.1736 0.2565 0.3083 0.2204 0.2733 0.1751 0.2988
0.2263 0.1422 0.1567 0.1563 0.1394 0.2051 0.2521 0.0775 0.1350 0.1667 0.2098 0.2024 0.1580 0.2195 0.1785 0.2532
0.2449 0.0285 0.0335 0.0313 0.0280 0.2002 0.2220 0.2214 0.0349 0.0567 0.2079 0.1830 0.0336 0.2341 0.0652 0.2252
0.0000 0.2689 0.2572 0.2987 0.3054 0.2631 0.0000 0.3279 0.2505 0.0000 0.0000 0.2945 0.2605 0.0000 0.0000 0.0000
0.0100 0.1686 0.1612 0.1824 0.1910 0.2133 0.0046 0.3522 0.1938 0.0006 0.0049 0.2309 0.1617 0.0075 0.0000 0.0030
0.0000 0.2292 0.2305 0.2590 0.2553 0.2349 0.0034 0.2439 0.2135 0.0039 0.0000 0.2579 0.2327 0.0000 0.0000 0.0016
0.1979 0.0391 0.0508 0.0527 0.0409 0.2163 0.2233 0.2111 0.0365 0.0443 0.1658 0.2000 0.0534 0.1883 0.0560 0.2204
0.1032 0.2414 0.2653 0.2734 0.2477 0.2771 0.1250 0.1961 0.2303 0.1095 0.1021 0.2814 0.2634 0.1008 0.1086 0.1308
0.2003 0.0441 0.0415 0.0402 0.0472 0.2103 0.1673 0.2682 0.0732 0.0260 0.1670 0.1973 0.0410 0.1878 0.0398 0.1697
0.0448 0.2370 0.2328 0.2555 0.2563 0.2535 0.0522 0.2792 0.2375 0.0431 0.0398 0.2704 0.2347 0.0448 0.0467 0.0533
